로드 파일 수: 12개
기간: 2023-01-01 ~ 2023-12-31
전체 train: 2023-01-01 ~ 2023-12-31  (8,496시간)

statsforecast AutoARIMA 실행 중...

ARIMA(2,1,2)(1,1,1)[24]                   :inf

ARIMA(0,1,0)(0,1,0)[24]                   :28914.12867904934

ARIMA(1,1,0)(1,1,0)[24]                   :26474.699769332874

ARIMA(0,1,1)(0,1,1)[24]                   :inf

ARIMA(1,1,0)(0,1,0)[24]                   :28814.39626574653

ARIMA(1,1,0)(2,1,0)[24]                   :inf

ARIMA(1,1,0)(1,1,1)[24]                   :inf

ARIMA(1,1,0)(0,1,1)[24]                   :inf

ARIMA(1,1,0)(2,1,1)[24]                   :inf

ARIMA(0,1,0)(1,1,0)[24]                   :26550.48106204287

ARIMA(2,1,0)(1,1,0)[24]                   :26336.31267732685

ARIMA(2,1,0)(0,1,0)[24]                   :28701.22177899613

ARIMA(2,1,0)(2,1,0)[24]                   :25491.632690785547

ARIMA(2,1,0)(2,1,1)[24]                   :inf

ARIMA(2,1,0)(1,1,1)[24]                   :inf

ARIMA(3,1,0)(2,1,0)[24]                   :25469.924274434874

ARIMA(3,1,0)(1,1,0)[24]                   :26316.48167079313

ARIMA(3,1,0)(2,1,1)[24]                   :inf

ARIMA(3,1,0)(1,1,1)[24]                   :inf

ARIMA(4,1,0)(2,1,0)[24]                   :25425.71647836261

ARIMA(4,1,0)(1,1,0)[24]                   :26276.058873755737

ARIMA(4,1,0)(2,1,1)[24]                   :inf

ARIMA(4,1,0)(1,1,1)[24]                   :inf

ARIMA(5,1,0)(2,1,0)[24]                   :25368.43980704051

ARIMA(5,1,0)(1,1,0)[24]                   :26226.952078269875

ARIMA(5,1,0)(2,1,1)[24]                   :inf

ARIMA(5,1,0)(1,1,1)[24]                   :inf

ARIMA(5,1,1)(2,1,0)[24]                   :25213.869845784186

ARIMA(5,1,1)(1,1,0)[24]                   :25881.786575449303

ARIMA(5,1,1)(2,1,1)[24]                   :inf

ARIMA(5,1,1)(1,1,1)[24]                   :inf

ARIMA(4,1,1)(2,1,0)[24]                   :25102.402410248967

ARIMA(4,1,1)(1,1,0)[24]                   :25881.638799869215

ARIMA(4,1,1)(2,1,1)[24]                   :inf

ARIMA(4,1,1)(1,1,1)[24]                   :inf

ARIMA(3,1,1)(2,1,0)[24]                   :inf

ARIMA(4,1,2)(2,1,0)[24]                   :inf

ARIMA(3,1,2)(2,1,0)[24]                   :inf

ARIMA(5,1,2)(2,1,0)[24]                   :inf
Now re-fitting the best model(s) without approximations...


ARIMA(4,1,1)(2,1,0)[24]                   :25102.402410248967

최적 차수: ARIMA(4, 1, 1)x(2, 1, 0, 24)
  p=4, d=1, q=1  |  P=2, D=1, Q=0, S=24
AIC : 25102.402
BIC : 25158.758
